0 0
0 1
0 2
0 3
0 4
0 5
0 6
1 6
1 7
1 8
1 9
1 10
1 11
1 12
1 13
1 14
1 15
1 16
1 17
1 18
1 19
1 20
1 21
1 22
1 23
1 24
1 25
1 26
1 27
1 28
1 29
1 30
1 31
1 32
1 33
1 34
1 35
1 36
1 37
1 38
1 39
1 40
1 41
1 42
1 43
1 44
1 45
1 46
1 47
1 48
1 49
1 50
1 51
1 52
1 53
1 54
1 55
1 56
1 57
1 58
1 59
1 60
1 61
1 62
1 63
1 64
1 65
1 66
1 67
1 68
1 69
1 70
1 71
1 72
2 72
2 73
2 74
2 75
2 76
2 77
2 78
2 79
2 80
2 81
2 82
2 83
2 84
3 84
3 85
3 86
3 87
4 87
4 88
4 89
5 89
5 90
6 90
6 91
7 91
8 91
8 92
9 92
10 92
10 93
10 94
11 94
12 94
13 94
14 94
15 94
16 94
17 94
18 94
18 95
18 96
18 97
18 98
18 99
19 99
19 100
20 100
21 100
22 100
23 100
24 100
25 100
26 100
27 100
28 100
29 100
30 100
31 100
32 100
33 100
34 100
35 100
36 100
37 100
38 100
39 100
40 100
41 100
41 101
41 102
42 102
43 102
43 103
43 104
44 104
45 104
46 104
47 104
48 104
49 104
50 104
51 104
52 104
53 104
54 104
55 104
56 104
57 104
58 104
59 104
60 104
61 104
62 104
63 104
64 104
65 104
66 104
67 104
68 104
69 104
70 104
71 104
72 104
73 104
74 104
75 104
76 104
77 104
77 103
78 103
79 103
80 103
81 103
82 103
83 103
84 103
85 103
86 103
87 103
88 103
89 103
89 102
90 102
90 101
91 101
92 101
93 101
94 101
95 101
96 101
97 101
98 101
99 101
100 101
100 100
