0 1
1 1
1 2
2 2
3 2
3 3
3 4
3 5
4 5
5 5
6 5
7 5
8 5
8 6
9 6
10 6
11 6
12 6
13 6
14 6
15 6
16 6
17 6
18 6
19 6
19 7
19 8
20 8
20 9
21 9
22 9
22 10
22 11
22 12
22 13
22 14
23 14
24 14
24 15
25 15
25 16
25 17
25 18
25 19
25 20
25 21
25 22
25 23
26 23
27 23
28 23
29 23
30 23
31 23
31 24
31 25
32 25
33 25
34 25
35 25
36 25
37 25
38 25
39 25
40 25
41 25
42 25
43 25
44 25
45 25
46 25
47 25
48 25
49 25
50 25
51 25
52 25
52 26
53 26
54 26
55 26
56 26
57 26
57 27
58 27
58 28
59 28
59 29
59 30
59 31
59 32
60 32
60 33
61 33
61 34
62 34
63 34
63 35
64 35
64 36
65 36
65 37
66 37
66 38
66 39
66 40
66 41
66 42
67 42
67 43
68 43
68 44
68 45
68 46
68 47
68 48
68 49
68 50
68 51
68 52
68 53
68 54
68 55
68 56
68 57
68 58
68 59
68 60
69 60
70 60
71 60
71 61
71 62
71 63
72 63
73 63
73 64
74 64
74 65
75 65
76 65
76 66
77 66
77 67
78 67
78 68
79 68
80 68
80 69
81 69
81 70
81 71
82 71
82 72
82 73
83 73
83 74
84 74
84 75
84 76
85 76
85 77
85 78
85 79
85 80
85 81
85 82
85 83
86 83
86 84
86 85
86 86
87 86
87 87
87 88
87 89
88 89
89 89
89 90
90 90
91 90
91 91
91 92
91 93
91 94
91 95
92 95
92 96
93 96
93 97
94 97
94 98
95 98
95 99
96 99
97 99
98 99
99 99
100 99
100 100
